Supplemental results for CODEML (seqf: alignment/S.align_muscle.fasta  treef: phylo/S.align_muscle/fasttree/S.align_muscle.phylo_fasttree.tre)


Model 0: one-ratio

Model 1: NearlyNeutral

MLEs of dN/dS (w) for site classes (K=2)

p:   0.46072  0.53928
w:   0.15225  1.00000

Naive Empirical Bayes (NEB) probabilities for 2 classes & postmean_w
(amino acids refer to 1st sequence: DQ022305_S)

   1 M   0.83076 0.16924 ( 1)  0.296
   2 F   0.20577 0.79423 ( 2)  0.826
   3 Y   0.67276 0.32724 ( 1)  0.430
   4 M   0.83076 0.16924 ( 1)  0.296
   5 G   0.72342 0.27658 ( 1)  0.387
   6 G   0.71657 0.28343 ( 1)  0.393
   7 W   0.54152 0.45848 ( 1)  0.541
   8 W   0.54152 0.45848 ( 1)  0.541
   9 N   0.65001 0.34999 ( 1)  0.449
  10 Q   0.53542 0.46458 ( 1)  0.546
  11 L   0.57746 0.42254 ( 1)  0.510
  12 N   0.74125 0.25875 ( 1)  0.372
  13 C   0.64401 0.35599 ( 1)  0.454
  14 N   0.05125 0.94875 ( 2)  0.957
  15 W   0.15180 0.84820 ( 2)  0.871
  16 I   0.07363 0.92637 ( 2)  0.938
  17 H   0.03207 0.96793 ( 2)  0.973
  18 A   0.30917 0.69083 ( 2)  0.738
  19 N   0.05394 0.94606 ( 2)  0.954
  20 K   0.04106 0.95894 ( 2)  0.965
  21 A   0.75833 0.24167 ( 1)  0.357
  22 L   0.57952 0.42048 ( 1)  0.509
  23 F   0.03444 0.96556 ( 2)  0.971
  24 P   0.22083 0.77917 ( 2)  0.813
  25 K   0.00078 0.99922 ( 2)  0.999
  26 E   0.66949 0.33051 ( 1)  0.432
  27 F   0.27031 0.72969 ( 2)  0.771
  28 K   0.67036 0.32964 ( 1)  0.432
  29 Y   0.61075 0.38925 ( 1)  0.482
  30 Q   0.53542 0.46458 ( 1)  0.546
  31 F   0.71608 0.28392 ( 1)  0.393
  32 S   0.63964 0.36036 ( 1)  0.458
  33 F   0.72210 0.27790 ( 1)  0.388
  34 L   0.17479 0.82521 ( 2)  0.852
  35 M   0.40723 0.59277 ( 2)  0.655
  36 F   0.71608 0.28392 ( 1)  0.393
  37 M   0.39187 0.60813 ( 2)  0.668
  38 E   0.66943 0.33057 ( 1)  0.432
  39 R   0.67230 0.32770 ( 1)  0.430
  40 L   0.57210 0.42790 ( 1)  0.515
  41 C   0.24326 0.75674 ( 2)  0.794
  42 C   0.60857 0.39143 ( 1)  0.484
  43 T   0.06427 0.93573 ( 2)  0.946
  44 F   0.69788 0.30212 ( 1)  0.408
  45 S   0.65808 0.34192 ( 1)  0.442
  46 L   0.56589 0.43411 ( 1)  0.520
  47 A   0.06299 0.93701 ( 2)  0.947
  48 Y   0.64829 0.35171 ( 1)  0.450
  49 A   0.69576 0.30424 ( 1)  0.410
  50 H   0.03383 0.96617 ( 2)  0.971
  51 Q   0.02445 0.97555 ( 2)  0.979
  52 N   0.03999 0.96001 ( 2)  0.966
  53 W   0.18144 0.81856 ( 2)  0.846
  54 L   0.57952 0.42048 ( 1)  0.509
  55 L   0.14569 0.85431 ( 2)  0.876
  56 T   0.06025 0.93975 ( 2)  0.949
  57 T   0.05750 0.94250 ( 2)  0.951
  58 I   0.77019 0.22981 ( 1)  0.347
  59 T   0.07105 0.92895 ( 2)  0.940
  60 S   0.29087 0.70913 ( 2)  0.753
  61 C   0.18840 0.81160 ( 2)  0.840
  62 L   0.02395 0.97605 ( 2)  0.980
  63 M   0.00935 0.99065 ( 2)  0.992
  64 L   0.54949 0.45051 ( 1)  0.534
  65 C   0.69031 0.30969 ( 1)  0.415
  66 L   0.26838 0.73162 ( 2)  0.772
  67 G   0.65384 0.34616 ( 1)  0.446
  68 I   0.34506 0.65494 ( 2)  0.707
  69 S   0.00590 0.99410 ( 2)  0.995
  70 K   0.67035 0.32965 ( 1)  0.432
  71 S   0.00613 0.99387 ( 2)  0.995
  72 G   0.30300 0.69700 ( 2)  0.743
  73 L   0.03278 0.96722 ( 2)  0.972
  74 L   0.57952 0.42048 ( 1)  0.509
  75 C   0.18514 0.81486 ( 2)  0.843
  76 T   0.68433 0.31567 ( 1)  0.420
  77 V   0.26784 0.73216 ( 2)  0.773
  78 K   0.67035 0.32965 ( 1)  0.432
  79 P   0.20199 0.79801 ( 2)  0.829
  80 E   0.66968 0.33032 ( 1)  0.432
  81 S   0.74758 0.25242 ( 1)  0.366
  82 V   0.25252 0.74748 ( 2)  0.786
  83 N   0.66948 0.33052 ( 1)  0.432
  84 F   0.65551 0.34449 ( 1)  0.444
  85 F   0.72210 0.27790 ( 1)  0.388
  86 W   0.15131 0.84869 ( 2)  0.872
  87 T   0.36052 0.63948 ( 2)  0.694
  88 G   0.69234 0.30766 ( 1)  0.413
  89 T   0.79289 0.20711 ( 1)  0.328
  90 G   0.72912 0.27088 ( 1)  0.382
  91 S   0.03597 0.96403 ( 2)  0.970
  92 F   0.72210 0.27790 ( 1)  0.388
  93 T   0.26818 0.73182 ( 2)  0.773
  94 I   0.05976 0.94024 ( 2)  0.949
  95 D   0.68259 0.31741 ( 1)  0.421
  96 F   0.03126 0.96874 ( 2)  0.973
  97 P   0.03575 0.96425 ( 2)  0.970
  98 R   0.23223 0.76777 ( 2)  0.803
  99 T   0.71327 0.28673 ( 1)  0.395
 100 V   0.71276 0.28724 ( 1)  0.396
 101 C   0.69031 0.30969 ( 1)  0.415
 102 R   0.22769 0.77231 ( 2)  0.807
 103 I   0.24941 0.75059 ( 2)  0.789
 104 I   0.22906 0.77094 ( 2)  0.806
 105 Q   0.53542 0.46458 ( 1)  0.546
 106 T   0.71941 0.28059 ( 1)  0.390
 107 Q   0.53542 0.46458 ( 1)  0.546
 108 A   0.74048 0.25952 ( 1)  0.372
 109 G   0.66051 0.33949 ( 1)  0.440
 110 L   0.55691 0.44309 ( 1)  0.528
 111 V   0.71276 0.28724 ( 1)  0.396
 112 C   0.03629 0.96371 ( 2)  0.969
 113 R   0.15464 0.84536 ( 2)  0.869
 114 F   0.26977 0.73023 ( 2)  0.771
 115 V   0.71276 0.28724 ( 1)  0.396
 116 P   0.05000 0.95000 ( 2)  0.958
 117 I   0.31724 0.68276 ( 2)  0.731
 118 L   0.16293 0.83707 ( 2)  0.862
 119 C   0.69031 0.30969 ( 1)  0.415
 120 N   0.73243 0.26757 ( 1)  0.379
 121 A   0.72022 0.27978 ( 1)  0.389
 122 N   0.73477 0.26523 ( 1)  0.377
 123 F   0.72210 0.27790 ( 1)  0.388
 124 K   0.22672 0.77328 ( 2)  0.808
 125 C   0.18673 0.81327 ( 2)  0.842
 126 L   0.53132 0.46868 ( 1)  0.550
 127 F   0.26977 0.73023 ( 2)  0.771
 128 A   0.30672 0.69328 ( 2)  0.740
 129 K   0.67042 0.32958 ( 1)  0.432
 130 L   0.57952 0.42048 ( 1)  0.509
 131 C   0.69031 0.30969 ( 1)  0.415
 132 T   0.27688 0.72312 ( 2)  0.765
 133 S   0.24464 0.75536 ( 2)  0.793
 134 A   0.04494 0.95506 ( 2)  0.962
 135 V   0.26258 0.73742 ( 2)  0.777
 136 I   0.31596 0.68404 ( 2)  0.732
 137 S   0.05881 0.94119 ( 2)  0.950
 138 N   0.69731 0.30269 ( 1)  0.409
 139 L   0.57340 0.42660 ( 1)  0.514
 140 V   0.28219 0.71781 ( 2)  0.761
 141 W   0.54152 0.45848 ( 1)  0.541
 142 C   0.63508 0.36492 ( 1)  0.462
 143 L   0.53135 0.46865 ( 1)  0.550
 144 E   0.66968 0.33032 ( 1)  0.432
 145 Q   0.53543 0.46457 ( 1)  0.546
 146 V   0.70630 0.29370 ( 1)  0.401
 147 F   0.70555 0.29445 ( 1)  0.402
 148 G   0.00688 0.99312 ( 2)  0.994
 149 V   0.24511 0.75489 ( 2)  0.792
 150 T   0.06504 0.93496 ( 2)  0.945
 151 L   0.57952 0.42048 ( 1)  0.509
 152 A   0.26768 0.73232 ( 2)  0.773
 153 F   0.72210 0.27790 ( 1)  0.388
 154 A   0.21087 0.78913 ( 2)  0.821
 155 P   0.61616 0.38384 ( 1)  0.478
 156 R   0.22231 0.77769 ( 2)  0.812
 157 L   0.18960 0.81040 ( 2)  0.839
 158 N   0.03804 0.96196 ( 2)  0.968
 159 N   0.06001 0.93999 ( 2)  0.949
 160 P   0.00106 0.99894 ( 2)  0.999
 161 R   0.22534 0.77466 ( 2)  0.809
 162 V   0.07522 0.92478 ( 2)  0.936
 163 D   0.68788 0.31212 ( 1)  0.417
 164 L   0.66507 0.33493 ( 1)  0.436
 165 I   0.72312 0.27688 ( 1)  0.387
 166 C   0.69031 0.30969 ( 1)  0.415
 167 E   0.04155 0.95845 ( 2)  0.965
 168 V   0.79116 0.20884 ( 1)  0.329
 169 W   0.54152 0.45848 ( 1)  0.541
 170 T   0.01039 0.98961 ( 2)  0.991
 171 R   0.18962 0.81038 ( 2)  0.839
 172 L   0.65288 0.34712 ( 1)  0.447
 173 T   0.77198 0.22802 ( 1)  0.346
 174 D   0.73465 0.26535 ( 1)  0.377
 175 G   0.30097 0.69903 ( 2)  0.745
 176 C   0.60857 0.39143 ( 1)  0.484
 177 Q   0.02530 0.97470 ( 2)  0.979
 178 V   0.71276 0.28724 ( 1)  0.396
 179 Y   0.03180 0.96820 ( 2)  0.973
 180 G   0.71959 0.28041 ( 1)  0.390
 181 A   0.70416 0.29584 ( 1)  0.403
 182 G   0.72224 0.27776 ( 1)  0.388
 183 A   0.71911 0.28089 ( 1)  0.390
 184 A   0.73208 0.26792 ( 1)  0.379
 185 L   0.73988 0.26012 ( 1)  0.373
 186 Q   0.53542 0.46458 ( 1)  0.546
 187 L   0.57952 0.42048 ( 1)  0.509
 188 L   0.14186 0.85814 ( 2)  0.880
 189 C   0.60857 0.39143 ( 1)  0.484
 190 K   0.67035 0.32965 ( 1)  0.432
 191 W   0.54152 0.45848 ( 1)  0.541
 192 R   0.67473 0.32527 ( 1)  0.428
 193 F   0.71608 0.28392 ( 1)  0.393
 194 N   0.74125 0.25875 ( 1)  0.372
 195 G   0.63385 0.36615 ( 1)  0.463
 196 Q   0.53545 0.46455 ( 1)  0.546
 197 N   0.73218 0.26782 ( 1)  0.379
 198 M   0.42114 0.57886 ( 2)  0.643
 199 R   0.67230 0.32770 ( 1)  0.430
 200 T   0.68433 0.31567 ( 1)  0.420
 201 P   0.20199 0.79801 ( 2)  0.829
 202 I   0.04408 0.95592 ( 2)  0.963
 203 S   0.30884 0.69116 ( 2)  0.738
 204 L   0.02176 0.97824 ( 2)  0.982
 205 R   0.67390 0.32610 ( 1)  0.429
 206 K   0.67037 0.32963 ( 1)  0.432
 207 L   0.54891 0.45109 ( 1)  0.535
 208 Q   0.53540 0.46460 ( 1)  0.546
 209 D   0.70739 0.29261 ( 1)  0.400
 210 Q   0.53541 0.46459 ( 1)  0.546
 211 N   0.74125 0.25875 ( 1)  0.372
 212 S   0.65293 0.34707 ( 1)  0.446
 213 T   0.72045 0.27955 ( 1)  0.389
 214 N   0.21200 0.78800 ( 2)  0.820
 215 S   0.16934 0.83066 ( 2)  0.856
 216 A   0.76872 0.23128 ( 1)  0.348
 217 L   0.03593 0.96407 ( 2)  0.970
 218 I   0.77019 0.22981 ( 1)  0.347
 219 L   0.57952 0.42048 ( 1)  0.509
 220 E   0.04791 0.95209 ( 2)  0.959
 221 M   0.83076 0.16924 ( 1)  0.296
 222 I   0.07702 0.92298 ( 2)  0.935
 223 S   0.29651 0.70349 ( 2)  0.749
 224 L   0.57952 0.42048 ( 1)  0.509
 225 I   0.04769 0.95231 ( 2)  0.960
 226 K   0.67036 0.32964 ( 1)  0.432
 227 E   0.66969 0.33031 ( 1)  0.432
 228 R   0.22589 0.77411 ( 2)  0.809
 229 Q   0.53544 0.46456 ( 1)  0.546
 230 N   0.20357 0.79643 ( 2)  0.827
 231 L   0.54795 0.45205 ( 1)  0.535
 232 H   0.60867 0.39133 ( 1)  0.484
 233 N   0.20172 0.79828 ( 2)  0.829
 234 N   0.65001 0.34999 ( 1)  0.449
 235 I   0.67397 0.32603 ( 1)  0.429
 236 R   0.67256 0.32744 ( 1)  0.430
 237 A   0.75887 0.24113 ( 1)  0.357
 238 A   0.76184 0.23816 ( 1)  0.354
 239 E   0.66948 0.33052 ( 1)  0.432
 240 I   0.68587 0.31413 ( 1)  0.419
 241 R   0.67300 0.32700 ( 1)  0.429
 242 A   0.75887 0.24113 ( 1)  0.357
 243 S   0.73639 0.26361 ( 1)  0.376
 244 A   0.76524 0.23476 ( 1)  0.351
 245 N   0.73788 0.26212 ( 1)  0.374
 246 L   0.73988 0.26012 ( 1)  0.373
 247 A   0.76872 0.23128 ( 1)  0.348
 248 A   0.76872 0.23128 ( 1)  0.348
 249 N   0.74125 0.25875 ( 1)  0.372
 250 V   0.68418 0.31582 ( 1)  0.420
 251 V   0.71276 0.28724 ( 1)  0.396
 252 L   0.57952 0.42048 ( 1)  0.509
 253 K   0.22584 0.77416 ( 2)  0.809
 254 C   0.69031 0.30969 ( 1)  0.415
 255 G   0.65384 0.34616 ( 1)  0.446
 256 K   0.67037 0.32963 ( 1)  0.432
 257 G   0.65357 0.34643 ( 1)  0.446
 258 Y   0.61240 0.38760 ( 1)  0.481
 259 L   0.28986 0.71014 ( 2)  0.754
 260 V   0.68418 0.31582 ( 1)  0.420
 261 L   0.05696 0.94304 ( 2)  0.952
 262 P   0.61616 0.38384 ( 1)  0.478
 263 S   0.04048 0.95952 ( 2)  0.966
 264 R   0.15290 0.84710 ( 2)  0.870
 265 C   0.69031 0.30969 ( 1)  0.415
 266 H   0.69040 0.30960 ( 1)  0.415
 267 V   0.69602 0.30398 ( 1)  0.410
 268 C   0.69031 0.30969 ( 1)  0.415
 269 A   0.22759 0.77241 ( 2)  0.807
 270 T   0.36052 0.63948 ( 2)  0.694
 271 S   0.65498 0.34502 ( 1)  0.445
 272 S   0.21264 0.78736 ( 2)  0.820
 273 F   0.72210 0.27790 ( 1)  0.388
 274 V   0.24286 0.75714 ( 2)  0.794
 275 G   0.67283 0.32717 ( 1)  0.430
 276 K   0.67034 0.32966 ( 1)  0.432
 277 F   0.29676 0.70324 ( 2)  0.748
 278 P   0.19489 0.80511 ( 2)  0.835
 279 R   0.67646 0.32354 ( 1)  0.427
 280 L   0.16785 0.83215 ( 2)  0.858
 281 M   0.83076 0.16924 ( 1)  0.296
 282 A   0.69091 0.30909 ( 1)  0.414
 283 W   0.54152 0.45848 ( 1)  0.541
 284 F   0.70955 0.29045 ( 1)  0.398
 285 I   0.76117 0.23883 ( 1)  0.355
 286 F   0.27420 0.72580 ( 2)  0.768
 287 Y   0.03171 0.96829 ( 2)  0.973
 288 Q   0.53547 0.46453 ( 1)  0.546
 289 I   0.01001 0.98999 ( 2)  0.992
 290 I   0.37353 0.62647 ( 2)  0.683
 291 F   0.72210 0.27790 ( 1)  0.388
 292 C   0.69031 0.30969 ( 1)  0.415
 293 D   0.74362 0.25638 ( 1)  0.370
 294 V   0.69602 0.30398 ( 1)  0.410
 295 I   0.31679 0.68321 ( 2)  0.731
 296 N   0.70591 0.29409 ( 1)  0.402
 297 N   0.69123 0.30877 ( 1)  0.414
 298 L   0.57035 0.42965 ( 1)  0.516
 299 P   0.69878 0.30122 ( 1)  0.408
 300 E   0.66943 0.33057 ( 1)  0.432
 301 F   0.70555 0.29445 ( 1)  0.402
 302 R   0.22909 0.77091 ( 2)  0.806
 303 T   0.00886 0.99114 ( 2)  0.992
 304 S   0.29939 0.70061 ( 2)  0.746
 305 T   0.29162 0.70838 ( 2)  0.753
 306 S   0.17297 0.82703 ( 2)  0.853
 307 K   0.67035 0.32965 ( 1)  0.432
 308 I   0.22593 0.77407 ( 2)  0.808
 309 I   0.38855 0.61145 ( 2)  0.671
 310 L   0.57952 0.42048 ( 1)  0.509
 311 H   0.69040 0.30960 ( 1)  0.415
 312 M   0.41202 0.58798 ( 2)  0.651
 313 L   0.28778 0.71222 ( 2)  0.756
 314 Q   0.02430 0.97570 ( 2)  0.979
 315 S   0.17569 0.82431 ( 2)  0.851
 316 I   0.77019 0.22981 ( 1)  0.347
 317 K   0.67035 0.32965 ( 1)  0.432
 318 D   0.29581 0.70419 ( 2)  0.749
 319 E   0.66949 0.33051 ( 1)  0.432
 320 V   0.26823 0.73177 ( 2)  0.773
 321 A   0.68366 0.31634 ( 1)  0.420
 322 K   0.67035 0.32965 ( 1)  0.432
 323 N   0.26263 0.73737 ( 2)  0.777
 324 L   0.54742 0.45258 ( 1)  0.536
 325 N   0.74125 0.25875 ( 1)  0.372
 326 P   0.70532 0.29468 ( 1)  0.402
 327 K   0.22854 0.77146 ( 2)  0.806
 328 I   0.37142 0.62858 ( 2)  0.685
 329 A   0.25087 0.74913 ( 2)  0.787
 330 I   0.31180 0.68820 ( 2)  0.736
 331 H   0.03743 0.96257 ( 2)  0.968
 332 V   0.40769 0.59231 ( 2)  0.654
 333 A   0.66345 0.33655 ( 1)  0.438
 334 G   0.72912 0.27088 ( 1)  0.382
 335 M   0.39454 0.60546 ( 2)  0.666
 336 W   0.54152 0.45848 ( 1)  0.541
 337 L   0.71599 0.28401 ( 1)  0.393
 338 G   0.63385 0.36615 ( 1)  0.463
 339 F   0.71608 0.28392 ( 1)  0.393
 340 H   0.04173 0.95827 ( 2)  0.965
 341 V   0.34607 0.65393 ( 2)  0.707
 342 P   0.16593 0.83407 ( 2)  0.859
 343 A   0.01098 0.98902 ( 2)  0.991
 344 V   0.32816 0.67184 ( 2)  0.722
 345 A   0.04801 0.95199 ( 2)  0.959
 346 V   0.32816 0.67184 ( 2)  0.722
 347 R   0.67646 0.32354 ( 1)  0.427
 348 C   0.62049 0.37951 ( 1)  0.474
 349 L   0.54976 0.45024 ( 1)  0.534
 350 L   0.16785 0.83215 ( 2)  0.858
 351 M   0.83076 0.16924 ( 1)  0.296
 352 R   0.04223 0.95777 ( 2)  0.964
 353 S   0.21571 0.78429 ( 2)  0.817
 354 Y   0.59926 0.40074 ( 1)  0.492
 355 I   0.77019 0.22981 ( 1)  0.347
 356 T   0.00871 0.99129 ( 2)  0.993


lnL = -3127.029253


Model 2: PositiveSelection

MLEs of dN/dS (w) for site classes (K=3)

p:   0.66499  0.00000  0.33501
w:   0.27288  1.00000  1.40804

Naive Empirical Bayes (NEB) probabilities for 3 classes & postmean_w & P(w>1)
(amino acids refer to 1st sequence: DQ022305_S)

   1 M   0.94749 0.00000 0.05251 ( 1)  0.332  0.053
   2 F   0.48080 0.00000 0.51920 ( 3)  0.862  0.519
   3 Y   0.85896 0.00000 0.14104 ( 1)  0.433  0.141
   4 M   0.94749 0.00000 0.05251 ( 1)  0.332  0.053
   5 G   0.89329 0.00000 0.10671 ( 1)  0.394  0.107
   6 G   0.88899 0.00000 0.11101 ( 1)  0.399  0.111
   7 W   0.75064 0.00000 0.24936 ( 1)  0.556  0.249
   8 W   0.75064 0.00000 0.24936 ( 1)  0.556  0.249
   9 N   0.84312 0.00000 0.15688 ( 1)  0.451  0.157
  10 Q   0.74490 0.00000 0.25510 ( 1)  0.562  0.255
  11 L   0.78328 0.00000 0.21672 ( 1)  0.519  0.217
  12 N   0.90186 0.00000 0.09814 ( 1)  0.384  0.098
  13 C   0.83854 0.00000 0.16146 ( 1)  0.456  0.161
  14 N   0.21185 0.00000 0.78815 ( 3)  1.168  0.788
  15 W   0.36699 0.00000 0.63301 ( 3)  0.991  0.633
  16 I   0.29980 0.00000 0.70020 ( 3)  1.068  0.700
  17 H   0.12664 0.00000 0.87336 ( 3)  1.264  0.873
  18 A   0.65289 0.00000 0.34711 ( 1)  0.667  0.347
  19 N   0.22450 0.00000 0.77550 ( 3)  1.153  0.775
  20 K   0.16613 0.00000 0.83387 ( 3)  1.219  0.834
  21 A   0.91373 0.00000 0.08627 ( 1)  0.371  0.086
  22 L   0.78505 0.00000 0.21495 ( 1)  0.517  0.215
  23 F   0.13623 0.00000 0.86377 ( 3)  1.253  0.864
  24 P   0.51207 0.00000 0.48793 ( 1)  0.827  0.488
  25 K   0.00558 0.00000 0.99442 ( 3)  1.402  0.994
  26 E   0.85788 0.00000 0.14212 ( 1)  0.434  0.142
  27 F   0.59181 0.00000 0.40819 ( 1)  0.736  0.408
  28 K   0.85755 0.00000 0.14245 ( 1)  0.435  0.142
  29 Y   0.81263 0.00000 0.18737 ( 1)  0.486  0.187
  30 Q   0.74490 0.00000 0.25510 ( 1)  0.562  0.255
  31 F   0.88601 0.00000 0.11399 ( 1)  0.402  0.114
  32 S   0.83627 0.00000 0.16373 ( 1)  0.459  0.164
  33 F   0.88957 0.00000 0.11043 ( 1)  0.398  0.110
  34 L   0.41780 0.00000 0.58220 ( 3)  0.934  0.582
  35 M   0.76028 0.00000 0.23972 ( 1)  0.545  0.240
  36 F   0.88601 0.00000 0.11399 ( 1)  0.402  0.114
  37 M   0.74324 0.00000 0.25676 ( 1)  0.564  0.257
  38 E   0.85782 0.00000 0.14218 ( 1)  0.434  0.142
  39 R   0.85948 0.00000 0.14052 ( 1)  0.432  0.141
  40 L   0.77850 0.00000 0.22150 ( 1)  0.524  0.221
  41 C   0.55112 0.00000 0.44888 ( 1)  0.782  0.449
  42 C   0.81132 0.00000 0.18868 ( 1)  0.487  0.189
  43 T   0.26498 0.00000 0.73502 ( 3)  1.107  0.735
  44 F   0.87491 0.00000 0.12509 ( 1)  0.415  0.125
  45 S   0.84970 0.00000 0.15030 ( 1)  0.443  0.150
  46 L   0.77290 0.00000 0.22710 ( 1)  0.531  0.227
  47 A   0.26396 0.00000 0.73604 ( 3)  1.108  0.736
  48 Y   0.84183 0.00000 0.15817 ( 1)  0.452  0.158
  49 A   0.87635 0.00000 0.12365 ( 1)  0.413  0.124
  50 H   0.13472 0.00000 0.86528 ( 3)  1.255  0.865
  51 Q   0.09157 0.00000 0.90843 ( 3)  1.304  0.908
  52 N   0.16294 0.00000 0.83706 ( 3)  1.223  0.837
  53 W   0.43127 0.00000 0.56873 ( 3)  0.918  0.569
  54 L   0.78505 0.00000 0.21495 ( 1)  0.517  0.215
  55 L   0.35259 0.00000 0.64741 ( 3)  1.008  0.647
  56 T   0.25216 0.00000 0.74784 ( 3)  1.122  0.748
  57 T   0.24140 0.00000 0.75860 ( 3)  1.134  0.759
  58 I   0.91560 0.00000 0.08440 ( 1)  0.369  0.084
  59 T   0.29159 0.00000 0.70841 ( 3)  1.077  0.708
  60 S   0.62075 0.00000 0.37925 ( 1)  0.703  0.379
  61 C   0.44815 0.00000 0.55185 ( 3)  0.899  0.552
  62 L   0.08938 0.00000 0.91062 ( 3)  1.307  0.911
  63 M   0.05622 0.00000 0.94378 ( 3)  1.344  0.944
  64 L   0.75770 0.00000 0.24230 ( 1)  0.548  0.242
  65 C   0.87150 0.00000 0.12850 ( 1)  0.419  0.128
  66 L   0.59428 0.00000 0.40572 ( 1)  0.733  0.406
  67 G   0.84705 0.00000 0.15295 ( 1)  0.447  0.153
  68 I   0.68548 0.00000 0.31452 ( 1)  0.630  0.315
  69 S   0.03341 0.00000 0.96659 ( 3)  1.370  0.967
  70 K   0.85755 0.00000 0.14245 ( 1)  0.435  0.142
  71 S   0.03526 0.00000 0.96474 ( 3)  1.368  0.965
  72 G   0.64021 0.00000 0.35979 ( 1)  0.681  0.360
  73 L   0.12827 0.00000 0.87173 ( 3)  1.262  0.872
  74 L   0.78505 0.00000 0.21495 ( 1)  0.517  0.215
  75 C   0.44148 0.00000 0.55852 ( 3)  0.907  0.559
  76 T   0.86825 0.00000 0.13175 ( 1)  0.422  0.132
  77 V   0.59082 0.00000 0.40918 ( 1)  0.737  0.409
  78 K   0.85754 0.00000 0.14246 ( 1)  0.435  0.142
  79 P   0.47670 0.00000 0.52330 ( 3)  0.867  0.523
  80 E   0.85809 0.00000 0.14191 ( 1)  0.434  0.142
  81 S   0.90632 0.00000 0.09368 ( 1)  0.379  0.094
  82 V   0.56364 0.00000 0.43636 ( 1)  0.768  0.436
  83 N   0.85679 0.00000 0.14321 ( 1)  0.435  0.143
  84 F   0.84625 0.00000 0.15375 ( 1)  0.447  0.154
  85 F   0.88957 0.00000 0.11043 ( 1)  0.398  0.110
  86 W   0.36636 0.00000 0.63364 ( 3)  0.992  0.634
  87 T   0.71318 0.00000 0.28682 ( 1)  0.598  0.287
  88 G   0.87384 0.00000 0.12616 ( 1)  0.416  0.126
  89 T   0.93064 0.00000 0.06936 ( 1)  0.352  0.069
  90 G   0.89675 0.00000 0.10325 ( 1)  0.390  0.103
  91 S   0.14414 0.00000 0.85586 ( 3)  1.244  0.856
  92 F   0.88957 0.00000 0.11043 ( 1)  0.398  0.110
  93 T   0.59275 0.00000 0.40725 ( 1)  0.735  0.407
  94 I   0.24010 0.00000 0.75990 ( 3)  1.135  0.760
  95 D   0.86621 0.00000 0.13379 ( 1)  0.425  0.134
  96 F   0.12417 0.00000 0.87583 ( 3)  1.267  0.876
  97 P   0.14401 0.00000 0.85599 ( 3)  1.245  0.856
  98 R   0.53019 0.00000 0.46981 ( 1)  0.806  0.470
  99 T   0.88699 0.00000 0.11301 ( 1)  0.401  0.113
 100 V   0.88608 0.00000 0.11392 ( 1)  0.402  0.114
 101 C   0.87150 0.00000 0.12850 ( 1)  0.419  0.128
 102 R   0.52402 0.00000 0.47598 ( 1)  0.813  0.476
 103 I   0.55717 0.00000 0.44283 ( 1)  0.776  0.443
 104 I   0.52461 0.00000 0.47539 ( 1)  0.813  0.475
 105 Q   0.74490 0.00000 0.25510 ( 1)  0.562  0.255
 106 T   0.89058 0.00000 0.10942 ( 1)  0.397  0.109
 107 Q   0.74490 0.00000 0.25510 ( 1)  0.562  0.255
 108 A   0.90361 0.00000 0.09639 ( 1)  0.382  0.096
 109 G   0.85139 0.00000 0.14861 ( 1)  0.442  0.149
 110 L   0.76458 0.00000 0.23542 ( 1)  0.540  0.235
 111 V   0.88608 0.00000 0.11392 ( 1)  0.402  0.114
 112 C   0.14509 0.00000 0.85491 ( 3)  1.243  0.855
 113 R   0.37360 0.00000 0.62640 ( 3)  0.984  0.626
 114 F   0.59090 0.00000 0.40910 ( 1)  0.737  0.409
 115 V   0.88608 0.00000 0.11392 ( 1)  0.402  0.114
 116 P   0.20755 0.00000 0.79245 ( 3)  1.172  0.792
 117 I   0.66384 0.00000 0.33616 ( 1)  0.654  0.336
 118 L   0.39234 0.00000 0.60766 ( 3)  0.963  0.608
 119 C   0.87150 0.00000 0.12850 ( 1)  0.419  0.128
 120 N   0.89697 0.00000 0.10303 ( 1)  0.390  0.103
 121 A   0.89120 0.00000 0.10880 ( 1)  0.396  0.109
 122 N   0.89815 0.00000 0.10185 ( 1)  0.389  0.102
 123 F   0.88957 0.00000 0.11043 ( 1)  0.398  0.110
 124 K   0.52166 0.00000 0.47834 ( 1)  0.816  0.478
 125 C   0.44488 0.00000 0.55512 ( 3)  0.903  0.555
 126 L   0.74064 0.00000 0.25936 ( 1)  0.567  0.259
 127 F   0.59090 0.00000 0.40910 ( 1)  0.737  0.409
 128 A   0.64933 0.00000 0.35067 ( 1)  0.671  0.351
 129 K   0.85763 0.00000 0.14237 ( 1)  0.434  0.142
 130 L   0.78505 0.00000 0.21495 ( 1)  0.517  0.215
 131 C   0.87150 0.00000 0.12850 ( 1)  0.419  0.128
 132 T   0.60232 0.00000 0.39768 ( 1)  0.724  0.398
 133 S   0.55636 0.00000 0.44364 ( 1)  0.776  0.444
 134 A   0.18582 0.00000 0.81418 ( 3)  1.197  0.814
 135 V   0.58263 0.00000 0.41737 ( 1)  0.747  0.417
 136 I   0.65361 0.00000 0.34639 ( 1)  0.666  0.346
 137 S   0.24456 0.00000 0.75544 ( 3)  1.130  0.755
 138 N   0.87483 0.00000 0.12517 ( 1)  0.415  0.125
 139 L   0.77966 0.00000 0.22034 ( 1)  0.523  0.220
 140 V   0.61345 0.00000 0.38655 ( 1)  0.712  0.387
 141 W   0.75064 0.00000 0.24936 ( 1)  0.556  0.249
 142 C   0.83216 0.00000 0.16784 ( 1)  0.463  0.168
 143 L   0.74068 0.00000 0.25932 ( 1)  0.567  0.259
 144 E   0.85809 0.00000 0.14191 ( 1)  0.434  0.142
 145 Q   0.74491 0.00000 0.25509 ( 1)  0.562  0.255
 146 V   0.88139 0.00000 0.11861 ( 1)  0.408  0.119
 147 F   0.87934 0.00000 0.12066 ( 1)  0.410  0.121
 148 G   0.04055 0.00000 0.95945 ( 3)  1.362  0.959
 149 V   0.55402 0.00000 0.44598 ( 1)  0.779  0.446
 150 T   0.26784 0.00000 0.73216 ( 3)  1.104  0.732
 151 L   0.78505 0.00000 0.21495 ( 1)  0.517  0.215
 152 A   0.58987 0.00000 0.41013 ( 1)  0.738  0.410
 153 F   0.88957 0.00000 0.11043 ( 1)  0.398  0.110
 154 A   0.49436 0.00000 0.50564 ( 3)  0.847  0.506
 155 P   0.81831 0.00000 0.18169 ( 1)  0.479  0.182
 156 R   0.51546 0.00000 0.48454 ( 1)  0.823  0.485
 157 L   0.45129 0.00000 0.54871 ( 3)  0.896  0.549
 158 N   0.15391 0.00000 0.84609 ( 3)  1.233  0.846
 159 N   0.24896 0.00000 0.75104 ( 3)  1.125  0.751
 160 P   0.00807 0.00000 0.99193 ( 3)  1.399  0.992
 161 R   0.51784 0.00000 0.48216 ( 1)  0.820  0.482
 162 V   0.30052 0.00000 0.69948 ( 3)  1.067  0.699
 163 D   0.87057 0.00000 0.12943 ( 1)  0.420  0.129
 164 L   0.85424 0.00000 0.14576 ( 1)  0.438  0.146
 165 I   0.88925 0.00000 0.11075 ( 1)  0.399  0.111
 166 C   0.87150 0.00000 0.12850 ( 1)  0.419  0.128
 167 E   0.16917 0.00000 0.83083 ( 3)  1.216  0.831
 168 V   0.92889 0.00000 0.07111 ( 1)  0.354  0.071
 169 W   0.75064 0.00000 0.24936 ( 1)  0.556  0.249
 170 T   0.06605 0.00000 0.93395 ( 3)  1.333  0.934
 171 R   0.45131 0.00000 0.54869 ( 3)  0.896  0.549
 172 L   0.84571 0.00000 0.15429 ( 1)  0.448  0.154
 173 T   0.91983 0.00000 0.08017 ( 1)  0.364  0.080
 174 D   0.89958 0.00000 0.10042 ( 1)  0.387  0.100
 175 G   0.63956 0.00000 0.36044 ( 1)  0.682  0.360
 176 C   0.81132 0.00000 0.18868 ( 1)  0.487  0.189
 177 Q   0.09571 0.00000 0.90429 ( 3)  1.299  0.904
 178 V   0.88608 0.00000 0.11392 ( 1)  0.402  0.114
 179 Y   0.12496 0.00000 0.87504 ( 3)  1.266  0.875
 180 G   0.89100 0.00000 0.10900 ( 1)  0.397  0.109
 181 A   0.88147 0.00000 0.11853 ( 1)  0.407  0.119
 182 G   0.89256 0.00000 0.10744 ( 1)  0.395  0.107
 183 A   0.89052 0.00000 0.10948 ( 1)  0.397  0.109
 184 A   0.89883 0.00000 0.10117 ( 1)  0.388  0.101
 185 L   0.90248 0.00000 0.09752 ( 1)  0.384  0.098
 186 Q   0.74490 0.00000 0.25510 ( 1)  0.562  0.255
 187 L   0.78505 0.00000 0.21495 ( 1)  0.517  0.215
 188 L   0.34351 0.00000 0.65649 ( 3)  1.018  0.656
 189 C   0.81132 0.00000 0.18868 ( 1)  0.487  0.189
 190 K   0.85754 0.00000 0.14246 ( 1)  0.435  0.142
 191 W   0.75064 0.00000 0.24936 ( 1)  0.556  0.249
 192 R   0.86115 0.00000 0.13885 ( 1)  0.431  0.139
 193 F   0.88601 0.00000 0.11399 ( 1)  0.402  0.114
 194 N   0.90186 0.00000 0.09814 ( 1)  0.384  0.098
 195 G   0.83202 0.00000 0.16798 ( 1)  0.464  0.168
 196 Q   0.74493 0.00000 0.25507 ( 1)  0.562  0.255
 197 N   0.89686 0.00000 0.10314 ( 1)  0.390  0.103
 198 M   0.77143 0.00000 0.22857 ( 1)  0.532  0.229
 199 R   0.85948 0.00000 0.14052 ( 1)  0.432  0.141
 200 T   0.86825 0.00000 0.13175 ( 1)  0.422  0.132
 201 P   0.47670 0.00000 0.52330 ( 3)  0.867  0.523
 202 I   0.17875 0.00000 0.82125 ( 3)  1.205  0.821
 203 S   0.64960 0.00000 0.35040 ( 1)  0.671  0.350
 204 L   0.08532 0.00000 0.91468 ( 3)  1.311  0.915
 205 R   0.86057 0.00000 0.13943 ( 1)  0.431  0.139
 206 K   0.85756 0.00000 0.14244 ( 1)  0.435  0.142
 207 L   0.75719 0.00000 0.24281 ( 1)  0.549  0.243
 208 Q   0.74488 0.00000 0.25512 ( 1)  0.562  0.255
 209 D   0.88268 0.00000 0.11732 ( 1)  0.406  0.117
 210 Q   0.74489 0.00000 0.25511 ( 1)  0.562  0.255
 211 N   0.90186 0.00000 0.09814 ( 1)  0.384  0.098
 212 S   0.84575 0.00000 0.15425 ( 1)  0.448  0.154
 213 T   0.89071 0.00000 0.10929 ( 1)  0.397  0.109
 214 N   0.49459 0.00000 0.50541 ( 3)  0.847  0.505
 215 S   0.40472 0.00000 0.59528 ( 3)  0.949  0.595
 216 A   0.91937 0.00000 0.08063 ( 1)  0.364  0.081
 217 L   0.14448 0.00000 0.85552 ( 3)  1.244  0.856
 218 I   0.91560 0.00000 0.08440 ( 1)  0.369  0.084
 219 L   0.78505 0.00000 0.21495 ( 1)  0.517  0.215
 220 E   0.19741 0.00000 0.80259 ( 3)  1.184  0.803
 221 M   0.94749 0.00000 0.05251 ( 1)  0.332  0.053
 222 I   0.31016 0.00000 0.68984 ( 3)  1.056  0.690
 223 S   0.63450 0.00000 0.36550 ( 1)  0.688  0.366
 224 L   0.78505 0.00000 0.21495 ( 1)  0.517  0.215
 225 I   0.19504 0.00000 0.80496 ( 3)  1.187  0.805
 226 K   0.85755 0.00000 0.14245 ( 1)  0.435  0.142
 227 E   0.85809 0.00000 0.14191 ( 1)  0.434  0.142
 228 R   0.52041 0.00000 0.47959 ( 1)  0.817  0.480
 229 Q   0.74493 0.00000 0.25507 ( 1)  0.562  0.255
 230 N   0.47904 0.00000 0.52096 ( 3)  0.864  0.521
 231 L   0.75627 0.00000 0.24373 ( 1)  0.550  0.244
 232 H   0.81179 0.00000 0.18821 ( 1)  0.487  0.188
 233 N   0.47534 0.00000 0.52466 ( 3)  0.868  0.525
 234 N   0.84312 0.00000 0.15688 ( 1)  0.451  0.157
 235 I   0.85910 0.00000 0.14090 ( 1)  0.433  0.141
 236 R   0.85963 0.00000 0.14037 ( 1)  0.432  0.140
 237 A   0.91401 0.00000 0.08599 ( 1)  0.370  0.086
 238 A   0.91562 0.00000 0.08438 ( 1)  0.369  0.084
 239 E   0.85788 0.00000 0.14212 ( 1)  0.434  0.142
 240 I   0.86688 0.00000 0.13312 ( 1)  0.424  0.133
 241 R   0.85994 0.00000 0.14006 ( 1)  0.432  0.140
 242 A   0.91401 0.00000 0.08599 ( 1)  0.370  0.086
 243 S   0.90062 0.00000 0.09938 ( 1)  0.386  0.099
 244 A   0.91747 0.00000 0.08253 ( 1)  0.367  0.083
 245 N   0.89987 0.00000 0.10013 ( 1)  0.387  0.100
 246 L   0.90248 0.00000 0.09752 ( 1)  0.384  0.098
 247 A   0.91937 0.00000 0.08063 ( 1)  0.364  0.081
 248 A   0.91937 0.00000 0.08063 ( 1)  0.364  0.081
 249 N   0.90186 0.00000 0.09814 ( 1)  0.384  0.098
 250 V   0.86761 0.00000 0.13239 ( 1)  0.423  0.132
 251 V   0.88608 0.00000 0.11392 ( 1)  0.402  0.114
 252 L   0.78505 0.00000 0.21495 ( 1)  0.517  0.215
 253 K   0.51998 0.00000 0.48002 ( 1)  0.818  0.480
 254 C   0.87150 0.00000 0.12850 ( 1)  0.419  0.128
 255 G   0.84705 0.00000 0.15295 ( 1)  0.447  0.153
 256 K   0.85757 0.00000 0.14243 ( 1)  0.435  0.142
 257 G   0.84610 0.00000 0.15390 ( 1)  0.448  0.154
 258 Y   0.81398 0.00000 0.18602 ( 1)  0.484  0.186
 259 L   0.62468 0.00000 0.37532 ( 1)  0.699  0.375
 260 V   0.86761 0.00000 0.13239 ( 1)  0.423  0.132
 261 L   0.23660 0.00000 0.76340 ( 3)  1.139  0.763
 262 P   0.81831 0.00000 0.18169 ( 1)  0.479  0.182
 263 S   0.16457 0.00000 0.83543 ( 3)  1.221  0.835
 264 R   0.36946 0.00000 0.63054 ( 3)  0.989  0.631
 265 C   0.87150 0.00000 0.12850 ( 1)  0.419  0.128
 266 H   0.87238 0.00000 0.12762 ( 1)  0.418  0.128
 267 V   0.87500 0.00000 0.12500 ( 1)  0.415  0.125
 268 C   0.87150 0.00000 0.12850 ( 1)  0.419  0.128
 269 A   0.52586 0.00000 0.47414 ( 1)  0.811  0.474
 270 T   0.71318 0.00000 0.28682 ( 1)  0.598  0.287
 271 S   0.84761 0.00000 0.15239 ( 1)  0.446  0.152
 272 S   0.49585 0.00000 0.50415 ( 3)  0.845  0.504
 273 F   0.88957 0.00000 0.11043 ( 1)  0.398  0.110
 274 V   0.55035 0.00000 0.44965 ( 1)  0.783  0.450
 275 G   0.86015 0.00000 0.13985 ( 1)  0.432  0.140
 276 K   0.85753 0.00000 0.14247 ( 1)  0.435  0.142
 277 F   0.63357 0.00000 0.36643 ( 1)  0.689  0.366
 278 P   0.46288 0.00000 0.53712 ( 3)  0.883  0.537
 279 R   0.86237 0.00000 0.13763 ( 1)  0.429  0.138
 280 L   0.40372 0.00000 0.59628 ( 3)  0.950  0.596
 281 M   0.94749 0.00000 0.05251 ( 1)  0.332  0.053
 282 A   0.87322 0.00000 0.12678 ( 1)  0.417  0.127
 283 W   0.75064 0.00000 0.24936 ( 1)  0.556  0.249
 284 F   0.88228 0.00000 0.11772 ( 1)  0.407  0.118
 285 I   0.91139 0.00000 0.08861 ( 1)  0.373  0.089
 286 F   0.59441 0.00000 0.40559 ( 1)  0.733  0.406
 287 Y   0.12447 0.00000 0.87553 ( 3)  1.267  0.876
 288 Q   0.74498 0.00000 0.25502 ( 1)  0.562  0.255
 289 I   0.06354 0.00000 0.93646 ( 3)  1.336  0.936
 290 I   0.72486 0.00000 0.27514 ( 1)  0.585  0.275
 291 F   0.88957 0.00000 0.11043 ( 1)  0.398  0.110
 292 C   0.87150 0.00000 0.12850 ( 1)  0.419  0.128
 293 D   0.90472 0.00000 0.09528 ( 1)  0.381  0.095
 294 V   0.87500 0.00000 0.12500 ( 1)  0.415  0.125
 295 I   0.65469 0.00000 0.34531 ( 1)  0.665  0.345
 296 N   0.88032 0.00000 0.11968 ( 1)  0.409  0.120
 297 N   0.87105 0.00000 0.12895 ( 1)  0.419  0.129
 298 L   0.77694 0.00000 0.22306 ( 1)  0.526  0.223
 299 P   0.87842 0.00000 0.12158 ( 1)  0.411  0.122
 300 E   0.85782 0.00000 0.14218 ( 1)  0.434  0.142
 301 F   0.87934 0.00000 0.12066 ( 1)  0.410  0.121
 302 R   0.52665 0.00000 0.47335 ( 1)  0.810  0.473
 303 T   0.05551 0.00000 0.94449 ( 3)  1.345  0.944
 304 S   0.63722 0.00000 0.36278 ( 1)  0.685  0.363
 305 T   0.62974 0.00000 0.37026 ( 1)  0.693  0.370
 306 S   0.41952 0.00000 0.58048 ( 3)  0.932  0.580
 307 K   0.85754 0.00000 0.14246 ( 1)  0.435  0.142
 308 I   0.51890 0.00000 0.48110 ( 1)  0.819  0.481
 309 I   0.73882 0.00000 0.26118 ( 1)  0.569  0.261
 310 L   0.78505 0.00000 0.21495 ( 1)  0.517  0.215
 311 H   0.87238 0.00000 0.12762 ( 1)  0.418  0.128
 312 M   0.76302 0.00000 0.23698 ( 1)  0.542  0.237
 313 L   0.62149 0.00000 0.37851 ( 1)  0.703  0.379
 314 Q   0.09092 0.00000 0.90908 ( 3)  1.305  0.909
 315 S   0.42538 0.00000 0.57462 ( 3)  0.925  0.575
 316 I   0.91560 0.00000 0.08440 ( 1)  0.369  0.084
 317 K   0.85754 0.00000 0.14246 ( 1)  0.435  0.142
 318 D   0.62771 0.00000 0.37229 ( 1)  0.695  0.372
 319 E   0.85788 0.00000 0.14212 ( 1)  0.434  0.142
 320 V   0.59357 0.00000 0.40643 ( 1)  0.734  0.406
 321 A   0.86792 0.00000 0.13208 ( 1)  0.423  0.132
 322 K   0.85754 0.00000 0.14246 ( 1)  0.435  0.142
 323 N   0.58130 0.00000 0.41870 ( 1)  0.748  0.419
 324 L   0.75577 0.00000 0.24423 ( 1)  0.550  0.244
 325 N   0.90186 0.00000 0.09814 ( 1)  0.384  0.098
 326 P   0.88269 0.00000 0.11731 ( 1)  0.406  0.117
 327 K   0.52502 0.00000 0.47498 ( 1)  0.812  0.475
 328 I   0.72213 0.00000 0.27787 ( 1)  0.588  0.278
 329 A   0.56640 0.00000 0.43360 ( 1)  0.765  0.434
 330 I   0.65709 0.00000 0.34291 ( 1)  0.662  0.343
 331 H   0.15088 0.00000 0.84912 ( 3)  1.237  0.849
 332 V   0.75679 0.00000 0.24321 ( 1)  0.549  0.243
 333 A   0.85432 0.00000 0.14568 ( 1)  0.438  0.146
 334 G   0.89675 0.00000 0.10325 ( 1)  0.390  0.103
 335 M   0.74642 0.00000 0.25358 ( 1)  0.561  0.254
 336 W   0.75064 0.00000 0.24936 ( 1)  0.556  0.249
 337 L   0.88800 0.00000 0.11200 ( 1)  0.400  0.112
 338 G   0.83202 0.00000 0.16798 ( 1)  0.464  0.168
 339 F   0.88601 0.00000 0.11399 ( 1)  0.402  0.114
 340 H   0.17051 0.00000 0.82949 ( 3)  1.214  0.829
 341 V   0.69508 0.00000 0.30492 ( 1)  0.619  0.305
 342 P   0.40031 0.00000 0.59969 ( 3)  0.954  0.600
 343 A   0.07185 0.00000 0.92815 ( 3)  1.326  0.928
 344 V   0.66723 0.00000 0.33277 ( 1)  0.651  0.333
 345 A   0.19979 0.00000 0.80021 ( 3)  1.181  0.800
 346 V   0.66723 0.00000 0.33277 ( 1)  0.651  0.333
 347 R   0.86237 0.00000 0.13763 ( 1)  0.429  0.138
 348 C   0.82077 0.00000 0.17923 ( 1)  0.476  0.179
 349 L   0.75798 0.00000 0.24202 ( 1)  0.548  0.242
 350 L   0.40372 0.00000 0.59628 ( 3)  0.950  0.596
 351 M   0.94749 0.00000 0.05251 ( 1)  0.332  0.053
 352 R   0.17223 0.00000 0.82777 ( 3)  1.213  0.828
 353 S   0.50228 0.00000 0.49772 ( 1)  0.838  0.498
 354 Y   0.80324 0.00000 0.19676 ( 1)  0.496  0.197
 355 I   0.91560 0.00000 0.08440 ( 1)  0.369  0.084
 356 T   0.05449 0.00000 0.94551 ( 3)  1.346  0.946

Positively selected sites

	Prob(w>1)  mean w

     2 F      0.519         0.862
    14 N      0.788         1.168
    15 W      0.633         0.991
    16 I      0.700         1.068
    17 H      0.873         1.264
    19 N      0.775         1.153
    20 K      0.834         1.219
    23 F      0.864         1.253
    25 K      0.994**       1.402
    34 L      0.582         0.934
    43 T      0.735         1.107
    47 A      0.736         1.108
    50 H      0.865         1.255
    51 Q      0.908         1.304
    52 N      0.837         1.223
    53 W      0.569         0.918
    55 L      0.647         1.008
    56 T      0.748         1.122
    57 T      0.759         1.134
    59 T      0.708         1.077
    61 C      0.552         0.899
    62 L      0.911         1.307
    63 M      0.944         1.344
    69 S      0.967*        1.370
    71 S      0.965*        1.368
    73 L      0.872         1.262
    75 C      0.559         0.907
    79 P      0.523         0.867
    86 W      0.634         0.992
    91 S      0.856         1.244
    94 I      0.760         1.135
    96 F      0.876         1.267
    97 P      0.856         1.245
   112 C      0.855         1.243
   113 R      0.626         0.984
   116 P      0.792         1.172
   118 L      0.608         0.963
   125 C      0.555         0.903
   134 A      0.814         1.197
   137 S      0.755         1.130
   148 G      0.959*        1.362
   150 T      0.732         1.104
   154 A      0.506         0.847
   157 L      0.549         0.896
   158 N      0.846         1.233
   159 N      0.751         1.125
   160 P      0.992**       1.399
   162 V      0.699         1.067
   167 E      0.831         1.216
   170 T      0.934         1.333
   171 R      0.549         0.896
   177 Q      0.904         1.299
   179 Y      0.875         1.266
   188 L      0.656         1.018
   201 P      0.523         0.867
   202 I      0.821         1.205
   204 L      0.915         1.311
   214 N      0.505         0.847
   215 S      0.595         0.949
   217 L      0.856         1.244
   220 E      0.803         1.184
   222 I      0.690         1.056
   225 I      0.805         1.187
   230 N      0.521         0.864
   233 N      0.525         0.868
   261 L      0.763         1.139
   263 S      0.835         1.221
   264 R      0.631         0.989
   272 S      0.504         0.845
   278 P      0.537         0.883
   280 L      0.596         0.950
   287 Y      0.876         1.267
   289 I      0.936         1.336
   303 T      0.944         1.345
   306 S      0.580         0.932
   314 Q      0.909         1.305
   315 S      0.575         0.925
   331 H      0.849         1.237
   340 H      0.829         1.214
   342 P      0.600         0.954
   343 A      0.928         1.326
   345 A      0.800         1.181
   350 L      0.596         0.950
   352 R      0.828         1.213
   356 T      0.946         1.346


lnL = -3126.447529

Bayes Empirical Bayes (BEB) probabilities for 3 classes (class) & postmean_w
(amino acids refer to 1st sequence: DQ022305_S)

   1 M   0.88277 0.10309 0.01414 ( 1)  0.341 +-  0.286
   2 F   0.37716 0.44177 0.18107 ( 2)  0.856 +-  0.569
   3 Y   0.76724 0.19030 0.04246 ( 1)  0.449 +-  0.393
   4 M   0.88277 0.10309 0.01414 ( 1)  0.341 +-  0.286
   5 G   0.80688 0.16238 0.03074 ( 1)  0.411 +-  0.357
   6 G   0.80173 0.16610 0.03217 ( 1)  0.416 +-  0.362
   7 W   0.65553 0.26105 0.08342 ( 1)  0.567 +-  0.491
   8 W   0.65553 0.26105 0.08342 ( 1)  0.567 +-  0.491
   9 N   0.74936 0.20278 0.04785 ( 1)  0.467 +-  0.407
  10 Q   0.65002 0.26416 0.08582 ( 1)  0.573 +-  0.496
  11 L   0.68761 0.24201 0.07038 ( 1)  0.532 +-  0.463
  12 N   0.81894 0.15280 0.02826 ( 1)  0.400 +-  0.349
  13 C   0.74454 0.20596 0.04950 ( 1)  0.472 +-  0.411
  14 N   0.17816 0.53587 0.28596 ( 2)  1.092 +-  0.584
  15 W   0.29447 0.45952 0.24601 ( 2)  0.993 +-  0.676
  16 I   0.23499 0.53250 0.23251 ( 2)  0.995 +-  0.529
  17 H   0.11368 0.50049 0.38582 ( 2)  1.289 +-  0.786
  18 A   0.50418 0.38739 0.10843 ( 1)  0.697 +-  0.479
  19 N   0.18696 0.53889 0.27415 ( 2)  1.070 +-  0.562
  20 K   0.14477 0.52174 0.33349 ( 2)  1.184 +-  0.680
  21 A   0.83275 0.14305 0.02420 ( 1)  0.386 +-  0.334
  22 L   0.68937 0.24094 0.06969 ( 1)  0.530 +-  0.461
  23 F   0.12075 0.50338 0.37587 ( 2)  1.274 +-  0.790
  24 P   0.39975 0.43552 0.16473 ( 2)  0.822 +-  0.539
  25 K   0.00660 0.28608 0.70733 ( 3)  1.959 +-  1.238
  26 E   0.76540 0.19202 0.04259 ( 1)  0.451 +-  0.393
  27 F   0.45837 0.40879 0.13283 ( 1)  0.752 +-  0.509
  28 K   0.76548 0.19164 0.04288 ( 1)  0.451 +-  0.394
  29 Y   0.71710 0.22399 0.05892 ( 1)  0.500 +-  0.435
  30 Q   0.65001 0.26415 0.08584 ( 1)  0.573 +-  0.497
  31 F   0.79971 0.16672 0.03357 ( 1)  0.418 +-  0.367
  32 S   0.74164 0.20824 0.05012 ( 1)  0.474 +-  0.412
  33 F   0.80416 0.16342 0.03242 ( 1)  0.414 +-  0.364
  34 L   0.33188 0.45394 0.21418 ( 2)  0.925 +-  0.616
  35 M   0.59600 0.33114 0.07286 ( 1)  0.604 +-  0.445
  36 F   0.79971 0.16672 0.03357 ( 1)  0.418 +-  0.367
  37 M   0.58144 0.33969 0.07888 ( 1)  0.619 +-  0.453
  38 E   0.76534 0.19205 0.04261 ( 1)  0.451 +-  0.393
  39 R   0.76737 0.19052 0.04211 ( 1)  0.449 +-  0.392
  40 L   0.68281 0.24481 0.07238 ( 1)  0.537 +-  0.469
  41 C   0.42799 0.42423 0.14777 ( 1)  0.786 +-  0.519
  42 C   0.71553 0.22520 0.05927 ( 1)  0.501 +-  0.435
  43 T   0.21286 0.53598 0.25116 ( 2)  1.030 +-  0.549
  44 F   0.78615 0.17669 0.03716 ( 1)  0.431 +-  0.378
  45 S   0.75641 0.19810 0.04548 ( 1)  0.460 +-  0.401
  46 L   0.67728 0.24803 0.07469 ( 1)  0.543 +-  0.475
  47 A   0.21271 0.54110 0.24619 ( 2)  1.020 +-  0.525
  48 Y   0.74802 0.20366 0.04832 ( 1)  0.468 +-  0.408
  49 A   0.78626 0.17750 0.03624 ( 1)  0.430 +-  0.374
  50 H   0.12057 0.50769 0.37174 ( 2)  1.259 +-  0.750
  51 Q   0.08072 0.44706 0.47222 ( 3)  1.500 +-  1.042
  52 N   0.14327 0.52529 0.33144 ( 2)  1.176 +-  0.655
  53 W   0.34146 0.45120 0.20734 ( 2)  0.912 +-  0.610
  54 L   0.68937 0.24094 0.06969 ( 1)  0.530 +-  0.461
  55 L   0.28336 0.45902 0.25763 ( 2)  1.020 +-  0.709
  56 T   0.20495 0.53996 0.25509 ( 2)  1.036 +-  0.540
  57 T   0.19839 0.54149 0.26012 ( 2)  1.044 +-  0.537
  58 I   0.83895 0.13680 0.02425 ( 1)  0.382 +-  0.334
  59 T   0.22997 0.53499 0.23503 ( 2)  0.999 +-  0.526
  60 S   0.48076 0.39673 0.12251 ( 1)  0.727 +-  0.501
  61 C   0.35394 0.45036 0.19569 ( 2)  0.887 +-  0.580
  62 L   0.07872 0.44360 0.47768 ( 3)  1.513 +-  1.053
  63 M   0.06066 0.51125 0.42809 ( 2)  1.362 +-  0.757
  64 L   0.66244 0.25668 0.08088 ( 1)  0.560 +-  0.489
  65 C   0.78122 0.18072 0.03806 ( 1)  0.435 +-  0.380
  66 L   0.45936 0.41081 0.12983 ( 1)  0.747 +-  0.498
  67 G   0.75326 0.20045 0.04629 ( 1)  0.462 +-  0.402
  68 I   0.53405 0.36473 0.10121 ( 1)  0.673 +-  0.487
  69 S   0.03623 0.44078 0.52299 ( 3)  1.572 +-  0.989
  70 K   0.76548 0.19164 0.04288 ( 1)  0.451 +-  0.394
  71 S   0.03915 0.45820 0.50266 ( 3)  1.515 +-  0.910
  72 G   0.49522 0.39041 0.11437 ( 1)  0.709 +-  0.490
  73 L   0.11404 0.49587 0.39008 ( 2)  1.303 +-  0.816
  74 L   0.68937 0.24094 0.06969 ( 1)  0.530 +-  0.461
  75 C   0.34920 0.45177 0.19904 ( 2)  0.893 +-  0.583
  76 T   0.77716 0.18379 0.03905 ( 1)  0.439 +-  0.383
  77 V   0.45737 0.41026 0.13237 ( 1)  0.751 +-  0.505
  78 K   0.76548 0.19164 0.04288 ( 1)  0.451 +-  0.394
  79 P   0.37447 0.44517 0.18035 ( 2)  0.855 +-  0.554
  80 E   0.76559 0.19191 0.04250 ( 1)  0.450 +-  0.393
  81 S   0.82403 0.14926 0.02671 ( 1)  0.395 +-  0.343
  82 V   0.43761 0.41807 0.14433 ( 1)  0.777 +-  0.522
  83 N   0.76467 0.19219 0.04313 ( 1)  0.452 +-  0.395
  84 F   0.75322 0.19986 0.04692 ( 1)  0.463 +-  0.405
  85 F   0.80416 0.16342 0.03242 ( 1)  0.414 +-  0.364
  86 W   0.29417 0.46026 0.24556 ( 2)  0.992 +-  0.670
  87 T   0.55409 0.35744 0.08847 ( 1)  0.646 +-  0.462
  88 G   0.78343 0.17946 0.03711 ( 1)  0.433 +-  0.377
  89 T   0.85689 0.12400 0.01911 ( 1)  0.365 +-  0.312
  90 G   0.81114 0.15925 0.02962 ( 1)  0.407 +-  0.353
  91 S   0.12818 0.51364 0.35818 ( 2)  1.231 +-  0.720
  92 F   0.80416 0.16342 0.03242 ( 1)  0.414 +-  0.364
  93 T   0.45855 0.41051 0.13094 ( 1)  0.749 +-  0.501
  94 I   0.19600 0.52839 0.27562 ( 2)  1.075 +-  0.604
  95 D   0.77522 0.18495 0.03983 ( 1)  0.441 +-  0.385
  96 F   0.11227 0.50259 0.38515 ( 2)  1.286 +-  0.774
  97 P   0.12863 0.51644 0.35493 ( 2)  1.221 +-  0.698
  98 R   0.41293 0.42922 0.15785 ( 2)  0.807 +-  0.535
  99 T   0.79928 0.16791 0.03281 ( 1)  0.418 +-  0.364
 100 V   0.79860 0.16821 0.03320 ( 1)  0.419 +-  0.365
 101 C   0.78122 0.18072 0.03806 ( 1)  0.435 +-  0.380
 102 R   0.40839 0.43231 0.15929 ( 2)  0.810 +-  0.531
 103 I   0.43329 0.42013 0.14658 ( 1)  0.782 +-  0.522
 104 I   0.40889 0.43084 0.16027 ( 2)  0.812 +-  0.539
 105 Q   0.65001 0.26415 0.08584 ( 1)  0.573 +-  0.497
 106 T   0.80380 0.16452 0.03168 ( 1)  0.414 +-  0.360
 107 Q   0.65001 0.26415 0.08583 ( 1)  0.573 +-  0.497
 108 A   0.81970 0.15290 0.02740 ( 1)  0.399 +-  0.346
 109 G   0.75825 0.19676 0.04499 ( 1)  0.458 +-  0.400
 110 L   0.66916 0.25273 0.07811 ( 1)  0.553 +-  0.483
 111 V   0.79860 0.16821 0.03320 ( 1)  0.419 +-  0.365
 112 C   0.12834 0.51124 0.36043 ( 2)  1.239 +-  0.744
 113 R   0.29945 0.45932 0.24123 ( 2)  0.983 +-  0.665
 114 F   0.45771 0.40906 0.13323 ( 1)  0.753 +-  0.510
 115 V   0.79860 0.16821 0.03320 ( 1)  0.419 +-  0.365
 116 P   0.17554 0.53709 0.28737 ( 2)  1.093 +-  0.577
 117 I   0.51264 0.38252 0.10485 ( 1)  0.689 +-  0.477
 118 L   0.31324 0.45736 0.22940 ( 2)  0.958 +-  0.644
 119 C   0.78122 0.18072 0.03806 ( 1)  0.435 +-  0.380
 120 N   0.81257 0.15764 0.02979 ( 1)  0.406 +-  0.354
 121 A   0.80449 0.16405 0.03146 ( 1)  0.413 +-  0.360
 122 N   0.81418 0.15637 0.02945 ( 1)  0.404 +-  0.353
 123 F   0.80416 0.16342 0.03242 ( 1)  0.414 +-  0.364
 124 K   0.40670 0.43270 0.16059 ( 2)  0.813 +-  0.534
 125 C   0.35165 0.45126 0.19709 ( 2)  0.889 +-  0.580
 126 L   0.64601 0.26618 0.08780 ( 1)  0.578 +-  0.502
 127 F   0.45771 0.40906 0.13323 ( 1)  0.753 +-  0.510
 128 A   0.50150 0.38866 0.10985 ( 1)  0.700 +-  0.481
 129 K   0.76556 0.19161 0.04284 ( 1)  0.451 +-  0.394
 130 L   0.68937 0.24094 0.06969 ( 1)  0.530 +-  0.461
 131 C   0.78122 0.18072 0.03806 ( 1)  0.435 +-  0.380
 132 T   0.46674 0.40488 0.12838 ( 1)  0.741 +-  0.502
 133 S   0.43129 0.42405 0.14466 ( 1)  0.780 +-  0.513
 134 A   0.16051 0.53451 0.30498 ( 2)  1.125 +-  0.599
 135 V   0.45125 0.41337 0.13538 ( 1)  0.758 +-  0.507
 136 I   0.50683 0.38227 0.11091 ( 1)  0.699 +-  0.492
 137 S   0.20011 0.53906 0.26083 ( 2)  1.046 +-  0.547
 138 N   0.78595 0.17690 0.03715 ( 1)  0.431 +-  0.378
 139 L   0.68402 0.24412 0.07185 ( 1)  0.536 +-  0.466
 140 V   0.47423 0.40249 0.12328 ( 1)  0.731 +-  0.494
 141 W   0.65553 0.26105 0.08342 ( 1)  0.567 +-  0.491
 142 C   0.73743 0.21090 0.05168 ( 1)  0.479 +-  0.417
 143 L   0.64605 0.26617 0.08778 ( 1)  0.578 +-  0.502
 144 E   0.76559 0.19191 0.04250 ( 1)  0.450 +-  0.393
 145 Q   0.65003 0.26415 0.08582 ( 1)  0.573 +-  0.497
 146 V   0.79329 0.17172 0.03499 ( 1)  0.424 +-  0.372
 147 F   0.79176 0.17244 0.03580 ( 1)  0.426 +-  0.374
 148 G   0.04526 0.48015 0.47458 ( 2)  1.453 +-  0.843
 149 V   0.43026 0.42285 0.14689 ( 1)  0.783 +-  0.519
 150 T   0.21466 0.53568 0.24965 ( 2)  1.027 +-  0.548
 151 L   0.68937 0.24094 0.06969 ( 1)  0.530 +-  0.461
 152 A   0.45680 0.41025 0.13295 ( 1)  0.752 +-  0.506
 153 F   0.80416 0.16342 0.03242 ( 1)  0.414 +-  0.364
 154 A   0.38706 0.44114 0.17180 ( 2)  0.837 +-  0.543
 155 P   0.72250 0.22099 0.05650 ( 1)  0.493 +-  0.427
 156 R   0.40220 0.43528 0.16252 ( 2)  0.817 +-  0.533
 157 L   0.35629 0.45041 0.19330 ( 2)  0.881 +-  0.572
 158 N   0.13624 0.52080 0.34296 ( 2)  1.199 +-  0.680
 159 N   0.20283 0.53817 0.25900 ( 2)  1.043 +-  0.549
 160 P   0.01029 0.34440 0.64530 ( 3)  1.819 +-  1.146
 161 R   0.40397 0.43277 0.16326 ( 2)  0.818 +-  0.542
 162 V   0.23411 0.52544 0.24045 ( 2)  1.012 +-  0.573
 163 D   0.77974 0.18202 0.03824 ( 1)  0.437 +-  0.380
 164 L   0.76164 0.19441 0.04394 ( 1)  0.454 +-  0.397
 165 I   0.80466 0.16265 0.03268 ( 1)  0.414 +-  0.364
 166 C   0.78122 0.18072 0.03806 ( 1)  0.435 +-  0.380
 167 E   0.14752 0.52532 0.32716 ( 2)  1.169 +-  0.657
 168 V   0.85524 0.12500 0.01976 ( 1)  0.366 +-  0.314
 169 W   0.65553 0.26105 0.08342 ( 1)  0.567 +-  0.491
 170 T   0.07054 0.53431 0.39515 ( 2)  1.302 +-  0.700
 171 R   0.35630 0.45038 0.19333 ( 2)  0.881 +-  0.572
 172 L   0.75206 0.20107 0.04687 ( 1)  0.464 +-  0.404
 173 T   0.84197 0.13557 0.02247 ( 1)  0.378 +-  0.327
 174 D   0.81494 0.15629 0.02876 ( 1)  0.403 +-  0.351
 175 G   0.49422 0.39193 0.11384 ( 1)  0.709 +-  0.486
 176 C   0.71553 0.22520 0.05927 ( 1)  0.501 +-  0.435
 177 Q   0.08538 0.45901 0.45562 ( 2)  1.454 +-  0.980
 178 V   0.79860 0.16821 0.03320 ( 1)  0.419 +-  0.365
 179 Y   0.11172 0.49610 0.39217 ( 2)  1.306 +-  0.815
 180 G   0.80405 0.16447 0.03148 ( 1)  0.413 +-  0.360
 181 A   0.79252 0.17288 0.03460 ( 1)  0.424 +-  0.370
 182 G   0.80598 0.16305 0.03098 ( 1)  0.411 +-  0.358
 183 A   0.80362 0.16472 0.03166 ( 1)  0.414 +-  0.360
 184 A   0.81355 0.15752 0.02892 ( 1)  0.404 +-  0.351
 185 L   0.81875 0.15339 0.02786 ( 1)  0.400 +-  0.347
 186 Q   0.65001 0.26415 0.08583 ( 1)  0.573 +-  0.497
 187 L   0.68937 0.24094 0.06969 ( 1)  0.530 +-  0.461
 188 L   0.27641 0.45882 0.26478 ( 2)  1.036 +-  0.726
 189 C   0.71553 0.22520 0.05927 ( 1)  0.501 +-  0.435
 190 K   0.76548 0.19164 0.04288 ( 1)  0.451 +-  0.394
 191 W   0.65553 0.26105 0.08342 ( 1)  0.567 +-  0.491
 192 R   0.76925 0.18922 0.04153 ( 1)  0.447 +-  0.390
 193 F   0.79971 0.16672 0.03357 ( 1)  0.418 +-  0.367
 194 N   0.81894 0.15280 0.02826 ( 1)  0.400 +-  0.349
 195 G   0.73702 0.21139 0.05159 ( 1)  0.479 +-  0.416
 196 Q   0.65004 0.26414 0.08582 ( 1)  0.573 +-  0.497
 197 N   0.81240 0.15778 0.02982 ( 1)  0.406 +-  0.354
 198 M   0.60728 0.32292 0.06981 ( 1)  0.594 +-  0.443
 199 R   0.76737 0.19052 0.04211 ( 1)  0.449 +-  0.392
 200 T   0.77716 0.18379 0.03905 ( 1)  0.439 +-  0.383
 201 P   0.37447 0.44517 0.18035 ( 2)  0.855 +-  0.554
 202 I   0.15315 0.52168 0.32518 ( 2)  1.173 +-  0.693
 203 S   0.50216 0.38738 0.11046 ( 1)  0.701 +-  0.484
 204 L   0.07981 0.47314 0.44705 ( 2)  1.416 +-  0.892
 205 R   0.76860 0.18966 0.04173 ( 1)  0.448 +-  0.391
 206 K   0.76550 0.19163 0.04287 ( 1)  0.451 +-  0.394
 207 L   0.66198 0.25696 0.08106 ( 1)  0.560 +-  0.489
 208 Q   0.64999 0.26416 0.08584 ( 1)  0.573 +-  0.497
 209 D   0.79443 0.17125 0.03432 ( 1)  0.423 +-  0.369
 210 Q   0.65001 0.26416 0.08583 ( 1)  0.573 +-  0.497
 211 N   0.81894 0.15280 0.02826 ( 1)  0.400 +-  0.349
 212 S   0.75202 0.20116 0.04682 ( 1)  0.464 +-  0.404
 213 T   0.80428 0.16394 0.03177 ( 1)  0.413 +-  0.361
 214 N   0.38725 0.44011 0.17264 ( 2)  0.838 +-  0.548
 215 S   0.32208 0.45453 0.22340 ( 2)  0.945 +-  0.640
 216 A   0.84024 0.13732 0.02243 ( 1)  0.380 +-  0.327
 217 L   0.12862 0.51480 0.35659 ( 2)  1.227 +-  0.714
 218 I   0.83895 0.13680 0.02425 ( 1)  0.382 +-  0.334
 219 L   0.68937 0.24094 0.06969 ( 1)  0.530 +-  0.461
 220 E   0.16816 0.53350 0.29835 ( 2)  1.114 +-  0.602
 221 M   0.88277 0.10309 0.01414 ( 1)  0.341 +-  0.286
 222 I   0.24089 0.52826 0.23085 ( 2)  0.992 +-  0.543
 223 S   0.49007 0.39457 0.11536 ( 1)  0.713 +-  0.487
 224 L   0.68937 0.24094 0.06969 ( 1)  0.530 +-  0.461
 225 I   0.16692 0.53432 0.29877 ( 2)  1.114 +-  0.595
 226 K   0.76548 0.19164 0.04288 ( 1)  0.451 +-  0.394
 227 E   0.76559 0.19191 0.04250 ( 1)  0.450 +-  0.393
 228 R   0.40579 0.43314 0.16107 ( 2)  0.814 +-  0.534
 229 Q   0.65004 0.26415 0.08581 ( 1)  0.573 +-  0.496
 230 N   0.37611 0.44425 0.17964 ( 2)  0.853 +-  0.555
 231 L   0.66107 0.25744 0.08149 ( 1)  0.562 +-  0.490
 232 H   0.71586 0.22517 0.05897 ( 1)  0.500 +-  0.434
 233 N   0.37345 0.44507 0.18148 ( 2)  0.857 +-  0.558
 234 N   0.74936 0.20278 0.04785 ( 1)  0.467 +-  0.407
 235 I   0.76782 0.18960 0.04258 ( 1)  0.449 +-  0.394
 236 R   0.76756 0.19038 0.04206 ( 1)  0.449 +-  0.392
 237 A   0.83314 0.14275 0.02411 ( 1)  0.386 +-  0.333
 238 A   0.83527 0.14112 0.02361 ( 1)  0.384 +-  0.331
 239 E   0.76539 0.19202 0.04259 ( 1)  0.451 +-  0.393
 240 I   0.77693 0.18312 0.03995 ( 1)  0.440 +-  0.387
 241 R   0.76790 0.19014 0.04196 ( 1)  0.448 +-  0.391
 242 A   0.83314 0.14275 0.02411 ( 1)  0.386 +-  0.333
 243 S   0.81630 0.15526 0.02844 ( 1)  0.402 +-  0.349
 244 A   0.83773 0.13925 0.02303 ( 1)  0.382 +-  0.329
 245 N   0.81644 0.15465 0.02891 ( 1)  0.402 +-  0.351
 246 L   0.81875 0.15339 0.02786 ( 1)  0.400 +-  0.347
 247 A   0.84024 0.13732 0.02243 ( 1)  0.380 +-  0.327
 248 A   0.84024 0.13732 0.02243 ( 1)  0.380 +-  0.327
 249 N   0.81894 0.15280 0.02826 ( 1)  0.400 +-  0.349
 250 V   0.77675 0.18387 0.03937 ( 1)  0.440 +-  0.384
 251 V   0.79860 0.16821 0.03320 ( 1)  0.419 +-  0.365
 252 L   0.68937 0.24094 0.06969 ( 1)  0.530 +-  0.461
 253 K   0.40551 0.43309 0.16140 ( 2)  0.815 +-  0.535
 254 C   0.78122 0.18072 0.03806 ( 1)  0.435 +-  0.380
 255 G   0.75326 0.20045 0.04629 ( 1)  0.462 +-  0.402
 256 K   0.76550 0.19163 0.04287 ( 1)  0.451 +-  0.394
 257 G   0.75255 0.20058 0.04687 ( 1)  0.464 +-  0.405
 258 Y   0.71848 0.22311 0.05840 ( 1)  0.498 +-  0.433
 259 L   0.48260 0.39846 0.11894 ( 1)  0.722 +-  0.490
 260 V   0.77675 0.18387 0.03937 ( 1)  0.440 +-  0.384
 261 L   0.19480 0.53832 0.26688 ( 2)  1.057 +-  0.558
 262 P   0.72250 0.22099 0.05650 ( 1)  0.493 +-  0.427
 263 S   0.14381 0.52259 0.33359 ( 2)  1.184 +-  0.679
 264 R   0.29632 0.45934 0.24434 ( 2)  0.990 +-  0.672
 265 C   0.78122 0.18072 0.03806 ( 1)  0.435 +-  0.380
 266 H   0.78174 0.18066 0.03760 ( 1)  0.435 +-  0.379
 267 V   0.78564 0.17740 0.03696 ( 1)  0.431 +-  0.377
 268 C   0.78122 0.18072 0.03806 ( 1)  0.435 +-  0.380
 269 A   0.40960 0.43292 0.15748 ( 2)  0.807 +-  0.525
 270 T   0.55409 0.35744 0.08847 ( 1)  0.646 +-  0.462
 271 S   0.75406 0.19975 0.04619 ( 1)  0.462 +-  0.403
 272 S   0.38814 0.43966 0.17220 ( 2)  0.838 +-  0.548
 273 F   0.80416 0.16342 0.03242 ( 1)  0.414 +-  0.364
 274 V   0.42744 0.42384 0.14871 ( 1)  0.788 +-  0.523
 275 G   0.76807 0.19008 0.04185 ( 1)  0.448 +-  0.391
 276 K   0.76547 0.19165 0.04289 ( 1)  0.451 +-  0.394
 277 F   0.48964 0.39425 0.11611 ( 1)  0.714 +-  0.489
 278 P   0.36462 0.44849 0.18689 ( 2)  0.868 +-  0.561
 279 R   0.77060 0.18829 0.04111 ( 1)  0.446 +-  0.389
 280 L   0.32174 0.45718 0.22108 ( 2)  0.940 +-  0.623
 281 M   0.88277 0.10309 0.01414 ( 1)  0.341 +-  0.286
 282 A   0.78256 0.18017 0.03727 ( 1)  0.434 +-  0.378
 283 W   0.65553 0.26105 0.08342 ( 1)  0.567 +-  0.491
 284 F   0.79500 0.17026 0.03474 ( 1)  0.423 +-  0.371
 285 I   0.83277 0.14174 0.02549 ( 1)  0.387 +-  0.339
 286 F   0.46078 0.40524 0.13398 ( 1)  0.753 +-  0.521
 287 Y   0.11125 0.49534 0.39341 ( 2)  1.309 +-  0.819
 288 Q   0.65009 0.26414 0.08578 ( 1)  0.573 +-  0.496
 289 I   0.06901 0.53626 0.39473 ( 2)  1.293 +-  0.665
 290 I   0.56515 0.34982 0.08503 ( 1)  0.636 +-  0.460
 291 F   0.80416 0.16342 0.03242 ( 1)  0.414 +-  0.364
 292 C   0.78122 0.18072 0.03806 ( 1)  0.435 +-  0.380
 293 D   0.82151 0.15136 0.02713 ( 1)  0.397 +-  0.345
 294 V   0.78564 0.17740 0.03696 ( 1)  0.431 +-  0.377
 295 I   0.50767 0.38181 0.11052 ( 1)  0.698 +-  0.491
 296 N   0.79248 0.17218 0.03534 ( 1)  0.425 +-  0.373
 297 N   0.78138 0.18026 0.03836 ( 1)  0.435 +-  0.381
 298 L   0.68128 0.24570 0.07301 ( 1)  0.539 +-  0.470
 299 P   0.78857 0.17590 0.03553 ( 1)  0.428 +-  0.372
 300 E   0.76534 0.19205 0.04261 ( 1)  0.451 +-  0.393
 301 F   0.79176 0.17244 0.03580 ( 1)  0.426 +-  0.374
 302 R   0.41028 0.43164 0.15808 ( 2)  0.808 +-  0.530
 303 T   0.06158 0.52539 0.41302 ( 2)  1.326 +-  0.697
 304 S   0.49237 0.39301 0.11461 ( 1)  0.711 +-  0.487
 305 T   0.48576 0.39743 0.11682 ( 1)  0.718 +-  0.488
 306 S   0.33336 0.45811 0.20853 ( 2)  0.913 +-  0.589
 307 K   0.76548 0.19164 0.04288 ( 1)  0.451 +-  0.394
 308 I   0.40477 0.43235 0.16288 ( 2)  0.818 +-  0.542
 309 I   0.57808 0.34074 0.08118 ( 1)  0.624 +-  0.459
 310 L   0.68937 0.24094 0.06969 ( 1)  0.530 +-  0.461
 311 H   0.78174 0.18066 0.03760 ( 1)  0.435 +-  0.379
 312 M   0.59933 0.32810 0.07257 ( 1)  0.602 +-  0.446
 313 L   0.48023 0.39955 0.12022 ( 1)  0.724 +-  0.491
 314 Q   0.08014 0.44613 0.47373 ( 3)  1.504 +-  1.044
 315 S   0.33758 0.45729 0.20513 ( 2)  0.906 +-  0.583
 316 I   0.83895 0.13680 0.02425 ( 1)  0.382 +-  0.334
 317 K   0.76548 0.19164 0.04288 ( 1)  0.451 +-  0.394
 318 D   0.48612 0.39399 0.11989 ( 1)  0.721 +-  0.498
 319 E   0.76539 0.19202 0.04259 ( 1)  0.451 +-  0.393
 320 V   0.45878 0.41027 0.13095 ( 1)  0.749 +-  0.503
 321 A   0.77673 0.18414 0.03913 ( 1)  0.439 +-  0.383
 322 K   0.76548 0.19164 0.04288 ( 1)  0.451 +-  0.394
 323 N   0.45040 0.41335 0.13625 ( 1)  0.760 +-  0.510
 324 L   0.66057 0.25773 0.08170 ( 1)  0.562 +-  0.491
 325 N   0.81894 0.15280 0.02826 ( 1)  0.400 +-  0.349
 326 P   0.79358 0.17232 0.03410 ( 1)  0.423 +-  0.368
 327 K   0.40912 0.43182 0.15906 ( 2)  0.810 +-  0.532
 328 I   0.56298 0.35097 0.08605 ( 1)  0.638 +-  0.461
 329 A   0.43890 0.42058 0.14052 ( 1)  0.771 +-  0.507
 330 I   0.50715 0.38565 0.10720 ( 1)  0.695 +-  0.479
 331 H   0.13367 0.51826 0.34807 ( 2)  1.210 +-  0.696
 332 V   0.59456 0.33036 0.07508 ( 1)  0.607 +-  0.451
 333 A   0.76110 0.19520 0.04370 ( 1)  0.455 +-  0.395
 334 G   0.81114 0.15925 0.02962 ( 1)  0.407 +-  0.353
 335 M   0.58405 0.33822 0.07772 ( 1)  0.616 +-  0.451
 336 W   0.65553 0.26105 0.08342 ( 1)  0.567 +-  0.491
 337 L   0.80094 0.16647 0.03259 ( 1)  0.416 +-  0.363
 338 G   0.73702 0.21139 0.05159 ( 1)  0.479 +-  0.416
 339 F   0.79971 0.16672 0.03357 ( 1)  0.418 +-  0.367
 340 H   0.14898 0.52834 0.32268 ( 2)  1.159 +-  0.639
 341 V   0.53941 0.36567 0.09493 ( 1)  0.662 +-  0.470
 342 P   0.31922 0.45767 0.22311 ( 2)  0.944 +-  0.627
 343 A   0.07739 0.55372 0.36888 ( 2)  1.243 +-  0.600
 344 V   0.51839 0.37492 0.10669 ( 1)  0.688 +-  0.489
 345 A   0.17045 0.53757 0.29198 ( 2)  1.101 +-  0.577
 346 V   0.51839 0.37492 0.10669 ( 1)  0.688 +-  0.489
 347 R   0.77060 0.18829 0.04111 ( 1)  0.446 +-  0.389
 348 C   0.72542 0.21877 0.05582 ( 1)  0.491 +-  0.427
 349 L   0.66272 0.25652 0.08076 ( 1)  0.560 +-  0.488
 350 L   0.32174 0.45718 0.22108 ( 2)  0.940 +-  0.623
 351 M   0.88277 0.10309 0.01414 ( 1)  0.341 +-  0.286
 352 R   0.14982 0.52656 0.32362 ( 2)  1.163 +-  0.650
 353 S   0.39275 0.43859 0.16865 ( 2)  0.830 +-  0.541
 354 Y   0.70742 0.23016 0.06242 ( 1)  0.510 +-  0.443
 355 I   0.83895 0.13680 0.02425 ( 1)  0.382 +-  0.334
 356 T   0.06063 0.52409 0.41528 ( 2)  1.331 +-  0.703

Positively selected sites

	Prob(w>1)  mean w

    25 K      0.707         1.959 +- 1.238
    69 S      0.523         1.572 +- 0.989
    71 S      0.503         1.515 +- 0.910
   160 P      0.645         1.819 +- 1.146

